0.037036 0.017489 0.003050 0.000187 
0.012479 0.001118 -0.000589 -0.000083 
0.098707 0.065788 0.015579 0.001265 
-0.078147 -0.085801 -0.027732 -0.002860 
0.392383 0.384729 0.129111 0.014567 
-0.539049 -0.732989 -0.317976 -0.045045 
1.381711 2.148151 1.122594 0.195050 
-1.379859 -3.374988 -2.559499 -0.623193 
2.254863 7.529175 8.344665 3.011528 
1.000000 0.000000 -6.713686 -7.027372 
1.000000 0.000000 -6.713686 7.027372 
2.254863 -7.529175 8.344664 -3.011528 
-1.379858 3.374986 -2.559497 0.623192 
1.381702 -2.148133 1.122582 -0.195048 
-0.538966 0.732869 -0.317919 0.045036 
0.391792 -0.384041 0.128846 -0.014533 
-0.074396 0.082147 -0.026550 0.002734 
0.076728 -0.047388 0.010460 -0.000791 
0.133837 -0.090220 0.021167 -0.001684 
0.000000 -0.000995 0.001340 -0.000215 
